3.120000 
2.920000 
3.000000 
3.110000 
3.120000 
3.153333 
3.114286 
3.130000 
3.133333 
3.120000 
3.109091 
3.123333 
3.107692 
3.111429 
3.101333 
3.112500 
3.117647 
3.133333 
3.136842 
3.148000 
3.158095 
3.163636 
3.153043 
3.148333 
3.144000 
3.158462 
3.145185 
3.141429 
3.148966 
3.148000 
3.156129 
3.152500 
3.150303 
3.149412 
3.154286 
3.160000 
3.158919 
3.156842 
3.164103 
3.166000 
3.173659 
3.176190 
3.177674 
3.177273 
3.181333 
3.181739 
3.178723 
3.181667 
3.182857 
3.184800 
3.187451 
3.186154 
3.181132 
3.179259 
3.180364 
3.174286 
3.164211 
3.160000 
3.161356 
3.163333 
3.164590 
3.163871 
3.159365 
3.158750 
3.155077 
3.158788 
3.159403 
3.159412 
3.158841 
3.161714 
3.162817 
3.165556 
3.166575 
3.167568 
3.170667 
3.168421 
3.165714 
3.169231 
3.171646 
3.169500 
3.168395 
3.168780 
3.172048 
3.172857 
3.173176 
3.172558 
3.171494 
3.171364 
3.170337 
3.168000 
3.167033 
3.166087 
3.164731 
3.162553 
3.164211 
3.164583 
3.162887 
3.159592 
3.161212 
3.163200 
3.159604 
3.159216 
3.157670 
3.161923 
3.162667 
3.164151 
3.163738 
3.164444 
3.165138 
3.164364 
3.164685 
3.164286 
3.166726 
3.165614 
3.166609 
3.166207 
3.166496 
3.168814 
3.169076 
3.170000 
3.167934 
3.169836 
3.171057 
3.173226 
3.173440 
3.174286 
3.176063 
3.175313 
3.175814 
3.174154 
3.174046 
3.172727 
3.172030 
3.171045 
3.167407 
3.166176 
3.166131 
3.164928 
3.164892 
3.165714 
3.166241 
3.166761 
3.168112 
3.168056 
3.168276 
3.167123 
3.166531 
3.167027 
3.167785 
3.167467 
3.167947 
3.167368 
3.166013 
3.163636 
3.163097 
3.164103 
3.162293 
3.160253 
3.158239 
3.159000 
3.159503 
3.159753 
3.160736 
3.160976 
3.160242 
3.159759 
3.159760 
3.160238 
3.158580 
3.157176 
3.156725 
3.156977 
3.157457 
3.156552 
3.157943 
3.158409 
3.158644 
3.159101 
3.159330 
3.159556 
3.160221 
3.158901 
3.159781 
3.160435 
3.158919 
3.159140 
3.158930 
3.158511 
3.158095 
3.157474 
3.156021 
3.156458 
3.156891 
3.157732 
3.157744 
3.158367 
3.158376 
3.158586 
3.159799 
3.161400 
3.161990 
3.161386 
3.161182 
3.160980 
3.160780 
3.160777 
3.160773 
3.161923 
3.163062 
3.163429 
3.163981 
3.164151 
3.163568 
3.163364 
3.162791 
3.162407 
3.162396 
3.162936 
3.163288 
3.163818 
3.163258 
3.163423 
3.163408 
3.163214 
3.162667 
3.162478 
3.163524 
3.162982 
3.162096 
3.162609 
3.162771 
3.162069 
3.162575 
3.162564 
3.162723 
3.162712 
3.161519 
3.162353 
3.161841 
3.161000 
3.161328 
3.160661 
3.159835 
3.160164 
3.160000 
3.160813 
3.160486 
3.160161 
3.160964 
3.160960 
3.160956 
3.160317 
3.159842 
3.160472 
3.160000 
3.160000 
3.158911 
3.159380 
3.160154 
3.160462 
3.160613 
3.160305 
3.160760 
3.161061 
3.160755 
3.160451 
3.160899 
3.160149 
3.160000 
3.159407 
3.159410 
3.158824 
3.158535 
3.158540 
3.159564 
3.159565 
3.158989 
3.158273 
3.157563 
3.157857 
3.158292 
3.158014 
3.157032 
3.157746 
3.157754 
3.158881 
3.159443 
3.160556 
3.160692 
3.160276 
3.161375 
3.161507 
3.160956 
3.160544 
3.160814 
3.161216 
3.161751 
3.161879 
3.161472 
3.160800 
3.160133 
3.161192 
3.161320 
3.161053 
3.161443 
3.160784 
3.160391 
3.160779 
3.160906 
3.160645 
3.160772 
3.161667 
3.161278 
3.162293 
3.162921 
3.162405 
3.162271 
3.162013 
3.161630 
3.162125 
3.162368 
3.161366 
3.161486 
3.162346 
3.162708 
3.162699 
3.163180 
3.162439 
3.161824 
3.161818 
3.161692 
3.162771 
3.162763 
3.162156 
3.162030 
3.161429 
3.161899 
3.162249 
3.162360 
3.162353 
3.162111 
3.162339 
3.162566 
3.162791 
3.163014 
3.162775 
3.163228 
3.162759 
3.162980 
3.162629 
3.162963 
3.162841 
3.163059 
3.162373 
3.162704 
3.162360 
3.162577 
3.161341 
3.161448 
3.161222 
3.159889 
3.159890 
3.158237 
3.157912 
3.158137 
3.158142 
3.157493 
3.157391 
3.157073 
3.156432 
3.156658 
3.157204 
3.157212 
3.156364 
3.156373 
3.157128 
3.157135 
3.157037 
3.157784 
3.157368 
3.156955 
3.156649 
3.155614 
3.155625 
3.155532 
3.155440 
3.155556 
3.155258 
3.156195 
3.156205 
3.156624 
3.155816 
3.155216 
3.155025 
3.154025 
3.153939 
3.153652 
3.153668 
3.153584 
3.153000 
3.152818 
3.152139 
3.151464 
3.151881 
3.152000 
3.152118 
3.151941 
3.152353 
3.152958 
3.152780 
3.152798 
3.152621 
3.152446 
3.151981 
3.152193 
3.151923 
3.152326 
3.152249 
3.152076 
3.151524 
3.151449 
3.151090 
3.151395 
3.150849 
3.150400 
3.150610 
3.150164 
3.150561 
3.150490 
3.150698 
3.150162 
3.149815 
3.149931 
3.149585 
3.149609 
3.149908 
3.149291 
3.148950 
3.149339 
3.149091 
3.148844 
3.148869 
3.148442 
3.148198 
3.148584 
3.148251 
3.147919 
3.147857 
3.147795 
3.148000 
3.147761 
3.147699 
3.147903 
3.148018 
3.147956 
3.147281 
3.147133 
3.147598 
3.147364 
3.147478 
3.147419 
3.147706 
3.148164 
3.148276 
3.148301 
3.148498 
3.148779 
3.148291 
3.147889 
3.148340 
3.148620 
3.148644 
3.148245 
3.147679 
3.147789 
3.147983 
3.148176 
3.148285 
3.148392 
3.148167 
3.147775 
3.147386 
3.147081 
3.147521 
3.147546 
3.147325 
3.147926 
3.147705 
3.146830 
3.147184 
3.147862 
3.147886 
3.148235 
3.148583 
3.148687 
3.148387 
3.147928 
3.148514 
3.148697 
3.148320 
3.148503 
3.148685 
3.148151 
3.148254 
3.148436 
3.147352 
3.147377 
3.147559 
3.147741 
3.147686 
3.147319 
3.147891 
3.147836 
3.147704 
3.147340 
3.146744 
3.146770 
3.146332 
3.146358 
3.146231 
3.146180 
3.145900 
3.146463 
3.146718 
3.147048 
3.147376 
3.147476 
3.147727 
3.147826 
3.147623 
3.147119 
3.147143 
3.147092 
3.146816 
3.147065 
3.146567 
3.146443 
3.146840 
3.147087 
3.146889 
3.146543 
3.147011 
3.147035 
3.146544 
3.146862 
3.146960 
3.147422 
3.147372 
3.147468 
3.146909 
3.147151 
3.147464 
3.147776 
3.147365 
3.147676 
3.147410 
3.147289 
3.147384 
3.146834 
3.147000 
3.147308 
3.147117 
3.147425 
3.147518 
3.147257 
3.147208 
3.147019 
3.146197 
3.145729 
3.145333 
3.145709 
3.146084 
3.146387 
3.146969 
3.147130 
3.146736 
3.147314 
3.146990 
3.147427 
3.147241 
3.147676 
3.147629 
3.147925 
3.147740 
3.147692 
3.147918 
3.148075 
3.148095 
3.147980 
3.147797 
3.148088 
3.147905 
3.148331 
3.148148 
3.148168 
3.147987 
3.147739 
3.148227 
3.147780 
3.147600 
3.147488 
3.147243 
3.147396 
3.147285 
3.147636 
3.147591 
3.147282 
3.146908 
3.146273 
3.145705 
3.146383 
3.146405 
3.146427 
3.146580 
3.146341 
3.146364 
3.146580 
3.146602 
3.146430 
3.146387 
3.146345 
3.146238 
3.146453 
3.146346 
3.146752 
3.146965 
3.147113 
3.147261 
3.147281 
3.147619 
3.147195 
3.147532 
3.147930 
3.148013 
3.148094 
3.148176 
3.148320 
3.147962 
3.148106 
3.148125 
3.148144 
3.148037 
3.147994 
3.148075 
3.147411 
3.147802 
3.148006 
3.148210 
3.148290 
3.148062 
3.148387 
3.148650 
3.148913 
3.148440 
3.148519 
3.148415 
3.148006 
3.147903 
3.147618 
3.147576 
3.147534 
3.147372 
3.147511 
3.147590 
3.147910 
3.148048 
3.148126 
3.147964 
3.148161 
3.148179 
3.147660 
3.147619 
3.147340 
3.147181 
3.146726 
3.146331 
3.146233 
3.146254 
3.146510 
3.146765 
3.146373 
3.146686 
3.146647 
3.146667 
3.146745 
3.146880 
3.146492 
3.146570 
3.146531 
3.146725 
3.146975 
3.147052 
3.147128 
3.146744 
3.146417 
3.146322 
3.146284 
3.146304 
3.146152 
3.145943 
3.146191 
3.146439 
3.146003 
3.146080 
3.146156 
3.145892 
3.145573 
3.145650 
3.146403 
3.146197 
3.146329 
3.146629 
3.146536 
3.146443 
3.146629 
3.146201 
3.146165 
3.145794 
3.145925 
3.146222 
3.146297 
3.146593 
3.146501 
3.146464 
3.146207 
3.146336 
3.146410 
3.146593 
3.146722 
3.146082 
3.145773 
3.145738 
3.145921 
3.146158 
3.146558 
3.146576 
3.146811 
3.146829 
3.146793 
3.145892 
3.145749 
3.145553 
3.145195 
3.145000 
3.144430 
3.144611 
3.144578 
3.144385 
3.144619 
3.144587 
3.145033 
3.145372 
3.145339 
3.145093 
3.145272 
3.145238 
3.144941 
3.144538 
3.144295 
3.144316 
3.144389 
3.144567 
3.144535 
3.144660 
3.144941 
3.145013 
3.144876 
3.145052 
3.145280 
3.145766 
3.145525 
3.145648 
3.145563 
3.145426 
3.145600 
3.145825 
3.145740 
3.145604 
3.145366 
3.145385 
3.145455 
3.145524 
3.145236 
3.145051 
3.145019 
3.145191 
3.145108 
3.144975 
3.144791 
3.145063 
3.144930 
3.144545 
3.144212 
3.143980 
3.143849 
3.143568 
3.143538 
3.143158 
3.143179 
3.143400 
3.143321 
3.143092 
3.143213 
3.143284 
3.143205 
3.142829 
3.142553 
3.142426 
3.142447 
3.142370 
3.142047 
3.141823 
3.141501 
3.141523 
3.141742 
3.141618 
3.141738 
3.141663 
3.141538 
3.141610 
3.141437 
3.141655 
3.141385 
3.141602 
3.141042 
3.141065 
3.140992 
3.140870 
3.140989 
3.141349 
3.141420 
3.141442 
3.141849 
3.141966 
3.142036 
3.142297 
3.141792 
3.141957 
3.142026 
3.141905 
3.142069 
3.142090 
3.141922 
3.141374 
3.141444 
3.141513 
3.141346 
3.141321 
3.141437 
3.141459 
3.141622 
3.141502 
3.141571 
3.141499 
3.141614 
3.141449 
3.141424 
3.141259 
3.141374 
3.141581 
3.141556 
3.141717 
3.141877 
3.141944 
3.141549 
3.141663 
3.141684 
3.141567 
3.141772 
3.142069 
3.142411 
3.142339 
3.142131 
3.142334 
3.142537 
3.142831 
3.142987 
3.143098 
3.142799 
3.143045 
3.142974 
3.142812 
3.142786 
3.142851 
3.142870 
3.142889 
3.143044 
3.142883 
3.142992 
3.143011 
3.143165 
3.143229 
3.143337 
3.143490 
3.143285 
3.142902 
3.143144 
3.143073 
3.143137 
3.143156 
3.143485 
3.143592 
3.143389 
3.143097 
3.143249 
3.143355 
3.143550 
3.143656 
3.143498 
3.143736 
3.143842 
3.143947 
3.143877 
3.143807 
3.143650 
3.143712 
3.143686 
3.143617 
3.143373 
3.143522 
3.143540 
3.143124 
3.143229 
3.143247 
3.143135 
3.143283 
3.143474 
3.143147 
3.142820 
3.142796 
3.143072 
3.142833 
3.142594 
3.142784 
3.142888 
3.142650 
3.142625 
3.142857 
3.142620 
3.142723 
3.142699 
3.142887 
3.142990 
3.143220 
3.143280 
3.143383 
3.143273 
3.143840 
3.143899 
3.144168 
3.144185 
3.144244 
3.144470 
3.144361 
3.144503 
3.144435 
3.144619 
3.144843 
3.144484 
3.144542 
3.144475 
3.144574 
3.144756 
3.144730 
3.144663 
3.144596 
3.144529 
3.144380 
3.144438 
3.144412 
3.144058 
3.144362 
3.144378 
3.144353 
3.144410 
3.144139 
3.144156 
3.144417 
3.144760 
3.144653 
3.144546 
3.144481 
3.144456 
3.144756 
3.144609 
3.144544 
3.144357 
3.144211 
3.144146 
3.144323 
3.144299 
3.144355 
3.144371 
3.144427 
3.144201 
3.144137 
3.144152 
3.144329 
3.144464 
3.144440 
3.144575 
3.144631 
3.144726 
3.144821 
3.144836 
3.144771 
3.144707 
3.144643 
3.144658 
3.144832 
3.144570 
3.144585 
3.144561 
3.144339 
3.144355 
3.144094 
3.144307 
3.144322 
3.144534 
3.144549 
3.144525 
3.144423 
3.144594 
3.144687 
3.144820 
3.144756 
3.144771 
3.144708 
3.144334 
3.144350 
3.144597 
3.144419 
3.144240 
3.144062 
3.144193 
3.144208 
3.144108 
3.144123 
3.144062 
3.144000 
3.143900 
3.143762 
3.143547 
3.143678 
3.143502 
3.143365 
3.143228 
3.143321 
3.143222 
3.143276 
3.143216 
3.143194 
3.143096 
3.143226 
3.143280 
3.143144 
3.143236 
3.143440 
3.143381 
3.143434 
3.143374 
3.143540 
3.143556 
3.143609 
3.143512 
3.143565 
3.143618 
3.143596 
3.143761 
3.143888 
3.143828 
3.143657 
3.143747 
3.143687 
3.143888 
3.144089 
3.144141 
3.144045 
3.143911 
3.144000 
3.144052 
3.144214 
3.144266 
3.144280 
3.144184 
3.144162 
3.143919 
3.143787 
3.143765 
3.143633 
3.143355 
3.143260 
3.143458 
3.143510 
3.143342 
3.143504 
3.143555 
3.143643 
3.143767 
3.143709 
3.143470 
3.143521 
3.143500 
3.143333 
3.143385 
3.143363 
3.143415 
3.143394 
3.143336 
3.143459 
3.143222 
3.143094 
3.143109 
3.143016 
3.142960 
3.143082 
3.143098 
3.143005 
3.143056 
3.143107 
3.142979 
3.142888 
3.143117 
3.142705 
3.142827 
3.142877 
3.142964 
3.142908 
3.142958 
3.142832 
3.142776 
3.142686 
3.142312 
3.142363 
3.142238 
3.141761 
3.141847 
3.142004 
3.141949 
3.141754 
3.141805 
3.142032 
3.141872 
3.141888 
3.142148 
3.142199 
3.141970 
3.141986 
3.142037 
3.142017 
3.141998 
3.141944 
3.142238 
3.142184 
3.142407 
3.142422 
3.142610 
3.142694 
3.142606 
3.142621 
3.142601 
3.142616 
3.142562 
3.142474 
3.142558 
3.142882 
3.142759 
3.142808 
3.142618 
3.142598 
3.142442 
3.142696 
3.142677 
3.142794 
3.142809 
3.142789 
3.142668 
3.142513 
3.142561 
3.142712 
3.142828 
3.142978 
3.142959 
3.143142 
3.143257 
3.143103 
3.143218 
3.143199 
3.143179 
3.143227 
3.143140 
3.143255 
3.143269 
3.143283 
3.143264 
3.143077 
3.143024 
3.142871 
3.142686 
3.142800 
3.142914 
3.142995 
3.142909 
3.142691 
3.142606 
3.142421 
3.142270 
3.142285 
3.142333 
3.142446 
3.142428 
3.142343 
3.142292 
3.142208 
3.142123 
3.141941 
3.142087 
3.141872 
3.141920 
3.141967 
3.142048 
3.142193 
3.142208 
3.142222 
3.142073 
3.141958 
3.141972 
3.141987 
3.141741 
3.141789 
3.141966 
3.141981 
3.141865 
3.141912 
3.141927 
3.142136 
3.142021 
3.142003 
3.141953 
3.142032 
3.142079 
3.141997 
3.142011 
3.142154 
3.142233 
3.142215 
3.142261 
3.142147 
3.142258 
3.142112 
3.142126 
3.142268 
3.142314 
3.142265 
3.142183 
3.142293 
3.142307 
3.142099 
3.142113 
3.141937 
3.141792 
3.141712 
3.141631 
3.141361 
3.141281 
3.141359 
3.141184 
3.141230 
3.141245 
3.141228 
3.141275 
3.141258 
3.141053 
3.140973 
3.141114 
3.141191 
3.141143 
3.141158 
3.141048 
3.141219 
3.141202 
3.141279 
3.141294 
3.141121 
3.141136 
3.141337 
3.141197 
3.141304 
3.141319 
3.141333 
3.141317 
3.141362 
3.141531 
3.141515 
3.141776 
3.141698 
3.141619 
3.141602 
3.141555 
3.141385 
3.141399 
3.141475 
3.141612 
3.141687 
3.141640 
3.141593 
3.141790 
3.141896 
3.141879 
3.141985 
3.141693 
3.141890 
3.141904 
3.142009 
3.141901 
3.141854 
3.142141 
3.142185 
3.142077 
3.142152 
3.142074 
3.142300 
3.142464 
3.142719 
3.142762 
3.142836 
3.142728 
3.142530 
3.142393 
3.142346 
3.142389 
3.142432 
3.142296 
3.142159 
3.142202 
3.142305 
3.142109 
3.142332 
3.142494 
3.142358 
3.142222 
3.142355 
3.142308 
3.142321 
3.142305 
3.142199 
3.142123 
3.142196 
3.142179 
3.142104 
3.142206 
3.142249 
3.142321 
3.142186 
3.142347 
3.142478 
3.142137 
3.142327 
3.142311 
3.142353 
3.142513 
3.142291 
3.142098 
3.142023 
3.142095 
3.142050 
3.141917 
3.141959 
3.141797 
3.141752 
3.141911 
3.141924 
3.141996 
3.142009 
3.141876 
3.141977 
3.141990 
3.141974 
3.142103 
3.141739 
3.141839 
3.142113 
3.142039 
3.141965 
3.141892 
3.141876 
3.141716 
3.141585 
3.141569 
3.141612 
3.141711 
3.141437 
3.141335 
3.141349 
3.141391 
3.141375 
3.141417 
3.141345 
3.141358 
3.141514 
3.141470 
3.141427 
3.141468 
3.141538 
3.141523 
3.141422 
3.141095 
3.140824 
3.140866 
3.140794 
3.141091 
3.141020 
3.141146 
3.141245 
3.141060 
3.141243 
3.141369 
3.141326 
3.141283 
3.141155 
3.141084 
3.141238 
3.141138 
3.141180 
3.141277 
3.141346 
3.141359 
3.141457 
3.141274 
3.141538 
3.141468 
3.141285 
3.141382 
3.141367 
3.141436 
3.141448 
3.141378 
3.141168 
3.141265 
3.141389 
3.141374 
3.141331 
3.141344 
3.141247 
3.141232 
3.141217 
3.141175 
3.141188 
3.141284 
3.141324 
3.141309 
3.141185 
3.141060 
3.140935 
3.141003 
3.141181 
3.141084 
3.140878 
3.140891 
3.141068 
3.141218 
3.141094 
3.140916 
3.140984 
3.140997 
3.140819 
3.140804 
3.140763 
3.140749 
3.140707 
3.140612 
3.140842 
3.140828 
3.140868 
3.140827 
3.140759 
3.140880 
3.140677 
3.140609 
3.140649 
3.140743 
3.140810 
3.140607 
3.140566 
3.140391 
3.140538 
3.140605 
3.140565 
3.140739 
3.140779 
3.140845 
3.140697 
3.140790 
3.140857 
3.140896 
3.140642 
3.140708 
3.140614 
3.140360 
3.140400 
3.140333 
3.140293 
3.140306 
3.140346 
3.140412 
3.140531 
3.140703 
3.140663 
3.140702 
3.140821 
3.140781 
3.140714 
3.140701 
3.140766 
3.140779 
3.140792 
3.140725 
3.140764 
3.140698 
3.140579 
3.140487 
3.140394 
3.140250 
3.140210 
3.140092 
3.139895 
3.139908 
3.139895 
3.140065 
3.140052 
3.139961 
3.140104 
3.140144 
3.140130 
3.140221 
3.140182 
3.140221 
3.140364 
3.140403 
3.140286 
3.140273 
3.140208 
3.140298 
3.140415 
3.140375 
3.140440 
3.140401 
3.140336 
3.140349 
3.140310 
3.140348 
3.140387 
3.140425 
3.140335 
3.140502 
3.140514 
3.140450 
3.140308 
3.140372 
3.140462 
3.140269 
3.140359 
3.140422 
3.140409 
3.140396 
3.140434 
3.140447 
3.140510 
3.140574 
3.140561 
3.140675 
3.140560 
3.140623 
3.140686 
3.140724 
3.140584 
3.140774 
3.141014 
3.140899 
3.140937 
3.141050 
3.140936 
3.141074 
3.140985 
3.140946 
3.140883 
3.140769 
3.140655 
3.140768 
3.140654 
3.140717 
3.140905 
3.140917 
3.141004 
3.140840 
3.140802 
3.140789 
3.140676 
3.140738 
3.140750 
3.140887 
3.140899 
3.141036 
3.141097 
3.141159 
3.141220 
3.141232 
3.141244 
3.141131 
3.141019 
3.140906 
3.140794 
3.140856 
3.140917 
3.140805 
3.140842 
3.140829 
3.140692 
3.140729 
3.140691 
3.140703 
3.140838 
3.140900 
3.140837 
3.140751 
3.140763 
3.140529 
3.140565 
3.140602 
3.140785 
3.140723 
3.140588 
3.140649 
3.140588 
3.140526 
3.140611 
3.140623 
3.140586 
3.140622 
3.140561 
3.140548 
3.140780 
3.140864 
3.140852 
3.140888 
3.141069 
3.140814 
3.140898 
3.140982 
3.141018 
3.140957 
3.140775 
3.140883 
3.140846 
3.140810 
3.140749 
3.140616 
3.140579 
3.140567 
3.140651 
3.140855 
3.141011 
3.141191 
3.141202 
3.141285 
3.141273 
3.141212 
3.141247 
3.141186 
3.141150 
3.141041 
3.141100 
