3.120000000000000 
3.148000000000000 
3.146666666666667 
3.165000000000000 
3.184000000000000 
3.162666666666667 
3.161142857142857 
3.169000000000000 
3.167555555555556 
3.162800000000000 
3.164000000000000 
3.169666666666667 
3.173846153846154 
3.165428571428572 
3.166933333333333 
3.158500000000000 
3.156705882352941 
3.159111111111111 
3.157052631578948 
3.161000000000000 
3.163047619047619 
3.163272727272728 
3.162086956521739 
3.160333333333333 
3.160160000000000 
3.159538461538462 
3.158518518518519 
3.157000000000000 
3.159310344827586 
