3.120000 
2.920000 
3.000000 
3.110000 
3.120000 
3.153333 
3.114286 
3.130000 
3.133333 
3.120000 
3.109091 
3.123333 
3.107692 
3.111429 
3.101333 
3.112500 
3.117647 
3.133333 
3.136842 
3.148000 
3.158095 
3.163636 
3.153043 
3.148333 
3.144000 
3.158462 
3.145185 
3.141429 
3.148966 
3.148000 
3.156129 
3.152500 
3.150303 
3.149412 
3.154286 
3.160000 
3.158919 
3.156842 
3.164103 
3.166000 
3.173659 
3.176190 
3.177674 
3.177273 
3.181333 
3.181739 
3.178723 
3.181667 
3.182857 
3.184800 
3.187451 
3.186154 
3.181132 
3.179259 
3.180364 
3.174286 
3.164211 
3.160000 
3.161356 
3.163333 
3.164590 
3.163871 
3.159365 
3.158750 
3.155077 
3.158788 
3.159403 
3.159412 
3.158841 
3.161714 
3.162817 
3.165556 
3.166575 
3.167568 
3.170667 
3.168421 
3.165714 
3.169231 
3.171646 
3.169500 
3.168395 
3.168780 
3.172048 
3.172857 
3.173176 
3.172558 
3.171494 
3.171364 
3.170337 
3.168000 
3.167033 
3.166087 
3.164731 
3.162553 
3.164211 
3.164583 
3.162887 
3.159592 
3.161212 
3.163200 
3.159604 
3.159216 
3.157670 
3.161923 
3.162667 
3.164151 
3.163738 
3.164444 
3.165138 
3.164364 
3.164685 
3.164286 
3.166726 
3.165614 
3.166609 
3.166207 
3.166496 
3.168814 
3.169076 
3.170000 
3.167934 
3.169836 
3.171057 
3.173226 
3.173440 
3.174286 
3.176063 
3.175313 
3.175814 
3.174154 
3.174046 
3.172727 
3.172030 
3.171045 
3.167407 
3.166176 
3.166131 
3.164928 
3.164892 
3.165714 
3.166241 
3.166761 
3.168112 
3.168056 
3.168276 
3.167123 
3.166531 
3.167027 
3.167785 
3.167467 
3.167947 
3.167368 
3.166013 
3.163636 
3.163097 
3.164103 
3.162293 
3.160253 
3.158239 
3.159000 
3.159503 
3.159753 
3.160736 
3.160976 
3.160242 
3.159759 
3.159760 
3.160238 
3.158580 
3.157176 
3.156725 
3.156977 
3.157457 
3.156552 
3.157943 
3.158409 
3.158644 
3.159101 
3.159330 
3.159556 
3.160221 
3.158901 
3.159781 
3.160435 
3.158919 
3.159140 
3.158930 
3.158511 
3.158095 
3.157474 
3.156021 
3.156458 
3.156891 
3.157732 
3.157744 
3.158367 
3.158376 
3.158586 
3.159799 
3.161400 
3.161990 
3.161386 
3.161182 
3.160980 
3.160780 
3.160777 
3.160773 
3.161923 
3.163062 
3.163429 
3.163981 
3.164151 
3.163568 
3.163364 
3.162791 
3.162407 
3.162396 
3.162936 
3.163288 
3.163818 
3.163258 
3.163423 
3.163408 
3.163214 
3.162667 
3.162478 
3.163524 
3.162982 
3.162096 
3.162609 
3.162771 
3.162069 
3.162575 
3.162564 
3.162723 
3.162712 
3.161519 
3.162353 
3.161841 
3.161000 
3.161328 
3.160661 
3.159835 
3.160164 
3.160000 
3.160813 
3.160486 
3.160161 
3.160964 
3.160960 
3.160956 
3.160317 
3.159842 
3.160472 
3.160000 
3.160000 
3.158911 
3.159380 
3.160154 
3.160462 
3.160613 
3.160305 
3.160760 
3.161061 
3.160755 
3.160451 
3.160899 
3.160149 
3.160000 
3.159407 
3.159410 
3.158824 
3.158535 
3.158540 
3.159564 
3.159565 
3.158989 
3.158273 
3.157563 
3.157857 
3.158292 
3.158014 
3.157032 
3.157746 
3.157754 
3.158881 
3.159443 
3.160556 
3.160692 
3.160276 
3.161375 
3.161507 
3.160956 
3.160544 
3.160814 
3.161216 
3.161751 
3.161879 
3.161472 
3.160800 
3.160133 
3.161192 
3.161320 
3.161053 
3.161443 
3.160784 
3.160391 
3.160779 
3.160906 
3.160645 
3.160772 
3.161667 
3.161278 
3.162293 
3.162921 
3.162405 
3.162271 
3.162013 
3.161630 
3.162125 
3.162368 
3.161366 
3.161486 
3.162346 
3.162708 
3.162699 
3.163180 
3.162439 
3.161824 
3.161818 
3.161692 
3.162771 
3.162763 
3.162156 
3.162030 
3.161429 
3.161899 
3.162249 
3.162360 
3.162353 
3.162111 
3.162339 
3.162566 
3.162791 
3.163014 
3.162775 
3.163228 
3.162759 
3.162980 
3.162629 
3.162963 
3.162841 
3.163059 
3.162373 
3.162704 
3.162360 
3.162577 
3.161341 
3.161448 
3.161222 
3.159889 
3.159890 
3.158237 
3.157912 
3.158137 
3.158142 
3.157493 
3.157391 
3.157073 
3.156432 
3.156658 
3.157204 
3.157212 
3.156364 
3.156373 
3.157128 
3.157135 
3.157037 
3.157784 
3.157368 
3.156955 
3.156649 
3.155614 
3.155625 
3.155532 
3.155440 
3.155556 
3.155258 
3.156195 
3.156205 
3.156624 
3.155816 
3.155216 
3.155025 
3.154025 
3.153939 
3.153652 
3.153668 
3.153584 
3.153000 
3.152818 
3.152139 
3.151464 
3.151881 
3.152000 
3.152118 
3.151941 
3.152353 
3.152958 
3.152780 
3.152798 
3.152621 
3.152446 
3.151981 
3.152193 
3.151923 
3.152326 
3.152249 
3.152076 
3.151524 
3.151449 
3.151090 
3.151395 
3.150849 
3.150400 
3.150610 
3.150164 
3.150561 
3.150490 
3.150698 
3.150162 
3.149815 
3.149931 
3.149585 
3.149609 
3.149908 
3.149291 
3.148950 
3.149339 
3.149091 
3.148844 
3.148869 
3.148442 
3.148198 
3.148584 
3.148251 
3.147919 
3.147857 
3.147795 
3.148000 
3.147761 
3.147699 
3.147903 
3.148018 
3.147956 
3.147281 
3.147133 
3.147598 
3.147364 
3.147478 
3.147419 
3.147706 
3.148164 
3.148276 
3.148301 
3.148498 
3.148779 
3.148291 
3.147889 
3.148340 
3.148620 
3.148644 
3.148245 
3.147679 
3.147789 
3.147983 
3.148176 
3.148285 
3.148392 
3.148167 
3.147775 
3.147386 
3.147081 
3.147521 
3.147546 
3.147325 
3.147926 
3.147705 
3.146830 
3.147184 
3.147862 
3.147886 
3.148235 
3.148583 
3.148687 
3.148387 
3.147928 
3.148514 
3.148697 
3.148320 
3.148503 
3.148685 
3.148151 
3.148254 
3.148436 
3.147352 
3.147377 
3.147559 
3.147741 
3.147686 
3.147319 
3.147891 
3.147836 
3.147704 
3.147340 
3.146744 
3.146770 
3.146332 
3.146358 
3.146231 
3.146180 
3.145900 
3.146463 
3.146718 
3.147048 
3.147376 
3.147476 
3.147727 
3.147826 
3.147623 
3.147119 
3.147143 
3.147092 
3.146816 
3.147065 
3.146567 
3.146443 
3.146840 
3.147087 
3.146889 
3.146543 
3.147011 
3.147035 
3.146544 
3.146862 
3.146960 
3.147422 
3.147372 
3.147468 
3.146909 
3.147151 
3.147464 
3.147776 
3.147365 
3.147676 
3.147410 
3.147289 
3.147384 
3.146834 
3.147000 
3.147308 
3.147117 
3.147425 
3.147518 
3.147257 
3.147208 
3.147019 
3.146197 
3.145729 
3.145333 
3.145709 
3.146084 
3.146387 
3.146969 
3.147130 
3.146736 
3.147314 
3.146990 
3.147427 
3.147241 
3.147676 
3.147629 
3.147925 
3.147740 
3.147692 
3.147918 
3.148075 
3.148095 
3.147980 
3.147797 
3.148088 
3.147905 
3.148331 
3.148148 
3.148168 
3.147987 
3.147739 
3.148227 
3.147780 
3.147600 
3.147488 
3.147243 
3.147396 
3.147285 
3.147636 
3.147591 
3.147282 
3.146908 
3.146273 
3.145705 
3.146383 
3.146405 
3.146427 
3.146580 
3.146341 
3.146364 
3.146580 
3.146602 
3.146430 
3.146387 
3.146345 
3.146238 
3.146453 
3.146346 
3.146752 
3.146965 
3.147113 
3.147261 
3.147281 
3.147619 
3.147195 
3.147532 
3.147930 
3.148013 
3.148094 
3.148176 
3.148320 
3.147962 
3.148106 
3.148125 
3.148144 
3.148037 
3.147994 
3.148075 
3.147411 
3.147802 
3.148006 
3.148210 
3.148290 
3.148062 
3.148387 
3.148650 
3.148913 
3.148440 
3.148519 
3.148415 
3.148006 
3.147903 
3.147618 
3.147576 
3.147534 
3.147372 
3.147511 
3.147590 
3.147910 
3.148048 
3.148126 
3.147964 
3.148161 
3.148179 
3.147660 
3.147619 
3.147340 
3.147181 
3.146726 
3.146331 
3.146233 
3.146254 
3.146510 
3.146765 
3.146373 
3.146686 
3.146647 
3.146667 
3.146745 
3.146880 
3.146492 
3.146570 
3.146531 
3.146725 
3.146975 
3.147052 
3.147128 
3.146744 
3.146417 
3.146322 
3.146284 
3.146304 
3.146152 
3.145943 
3.146191 
3.146439 
3.146003 
3.146080 
3.146156 
3.145892 
3.145573 
3.145650 
3.146403 
3.146197 
3.146329 
3.146629 
3.146536 
3.146443 
3.146629 
3.146201 
3.146165 
3.145794 
3.145925 
3.146222 
3.146297 
3.146593 
3.146501 
3.146464 
3.146207 
3.146336 
3.146410 
3.146593 
3.146722 
3.146082 
3.145773 
3.145738 
3.145921 
3.146158 
3.146558 
3.146576 
3.146811 
3.146829 
3.146793 
3.145892 
3.145749 
3.145553 
3.145195 
3.145000 
3.144430 
3.144611 
3.144578 
3.144385 
3.144619 
3.144587 
3.145033 
3.145372 
3.145339 
3.145093 
3.145272 
3.145238 
3.144941 
3.144538 
3.144295 
3.144316 
3.144389 
3.144567 
3.144535 
3.144660 
3.144941 
3.145013 
3.144876 
3.145052 
3.145280 
3.145766 
3.145525 
3.145648 
3.145563 
3.145426 
3.145600 
3.145825 
3.145740 
3.145604 
3.145366 
3.145385 
3.145455 
3.145524 
3.145236 
3.145051 
3.145019 
3.145191 
3.145108 
3.144975 
3.144791 
3.145063 
3.144930 
3.144545 
3.144212 
3.143980 
3.143849 
3.143568 
3.143538 
3.143158 
3.143179 
3.143400 
3.143321 
3.143092 
3.143213 
3.143284 
3.143205 
3.142829 
3.142553 
3.142426 
3.142447 
3.142370 
3.142047 
3.141823 
3.141501 
3.141523 
3.141742 
3.141618 
3.141738 
3.141663 
3.141538 
3.141610 
3.141437 
3.141655 
3.141385 
3.141602 
3.141042 
3.141065 
3.140992 
3.140870 
3.140989 
3.141349 
3.141420 
3.141442 
3.141849 
3.141966 
3.142036 
3.142297 
3.141792 
3.141957 
3.142026 
3.141905 
3.142069 
3.142090 
3.141922 
3.141374 
3.141444 
3.141513 
3.141346 
3.141321 
3.141437 
3.141459 
3.141622 
3.141502 
3.141571 
3.141499 
3.141614 
3.141449 
3.141424 
3.141259 
3.141374 
3.141581 
3.141556 
3.141717 
3.141877 
3.141944 
3.141549 
3.141663 
3.141684 
3.141567 
3.141772 
3.142069 
3.142411 
3.142339 
3.142131 
3.142334 
3.142537 
3.142831 
3.142987 
3.143098 
3.142799 
3.143045 
3.142974 
3.142812 
3.142786 
3.142851 
3.142870 
3.142889 
3.143044 
3.142883 
3.142992 
3.143011 
3.143165 
3.143229 
3.143337 
3.143490 
3.143285 
3.142902 
3.143144 
3.143073 
3.143137 
3.143156 
3.143485 
3.143592 
3.143389 
3.143097 
3.143249 
3.143355 
3.143550 
3.143656 
3.143498 
3.143736 
3.143842 
3.143947 
3.143877 
3.143807 
3.143650 
3.143712 
3.143686 
3.143617 
3.143373 
3.143522 
3.143540 
3.143124 
3.143229 
3.143247 
3.143135 
3.143283 
3.143474 
3.143147 
3.142820 
3.142796 
3.143072 
3.142833 
3.142594 
3.142784 
3.142888 
3.142650 
3.142625 
3.142857 
3.142620 
3.142723 
3.142699 
3.142887 
3.142990 
3.143220 
3.143280 
3.143383 
3.143273 
3.143840 
3.143899 
3.144168 
3.144185 
3.144244 
3.144470 
3.144361 
3.144503 
3.144435 
3.144619 
3.144843 
3.144484 
3.144542 
3.144475 
3.144574 
3.144756 
3.144730 
3.144663 
3.144596 
3.144529 
3.144380 
3.144438 
3.144412 
3.144058 
3.144362 
3.144378 
3.144353 
3.144410 
3.144139 
3.144156 
3.144417 
3.144760 
3.144653 
3.144546 
3.144481 
3.144456 
3.144756 
3.144609 
3.144544 
3.144357 
3.144211 
3.144146 
3.144323 
3.144299 
3.144355 
3.144371 
3.144427 
3.144201 
3.144137 
3.144152 
3.144329 
3.144464 
3.144440 
3.144575 
3.144631 
3.144726 
3.144821 
3.144836 
3.144771 
3.144707 
3.144643 
3.144658 
3.144832 
3.144570 
3.144585 
3.144561 
3.144339 
3.144355 
3.144094 
3.144307 
3.144322 
3.144534 
3.144549 
3.144525 
3.144423 
3.144594 
3.144687 
3.144820 
3.144756 
3.144771 
3.144708 
3.144334 
3.144350 
3.144597 
3.144419 
3.144240 
3.144062 
3.144193 
3.144208 
3.144108 
3.144123 
3.144062 
3.144000 
3.143900 
3.143762 
3.143547 
3.143678 
3.143502 
3.143365 
3.143228 
3.143321 
3.143222 
3.143276 
3.143216 
3.143194 
3.143096 
3.143226 
3.143280 
3.143144 
3.143236 
3.143440 
3.143381 
3.143434 
3.143374 
3.143540 
3.143556 
3.143609 
3.143512 
3.143565 
3.143618 
3.143596 
3.143761 
3.143888 
3.143828 
3.143657 
3.143747 
3.143687 
3.143888 
3.144089 
3.144141 
3.144045 
3.143911 
3.144000 
3.144052 
3.144214 
3.144266 
3.144280 
3.144184 
3.144162 
3.143919 
3.143787 
3.143765 
3.143633 
3.143355 
3.143260 
3.143458 
3.143510 
3.143342 
3.143504 
3.143555 
3.143643 
3.143767 
3.143709 
3.143470 
3.143521 
3.143500 
3.143333 
3.143385 
3.143363 
3.143415 
3.143394 
3.143336 
3.143459 
3.143222 
3.143094 
3.143109 
3.143016 
3.142960 
3.143082 
3.143098 
3.143005 
3.143056 
3.143107 
3.142979 
3.142888 
3.143117 
3.142705 
3.142827 
3.142877 
3.142964 
3.142908 
3.142958 
3.142832 
3.142776 
3.142686 
3.142312 
3.142363 
3.142238 
3.141761 
3.141847 
3.142004 
3.141949 
3.141754 
3.141805 
3.142032 
3.141872 
3.141888 
3.142148 
3.142199 
3.141970 
3.141986 
3.142037 
3.142017 
3.141998 
3.141944 
3.142238 
3.142184 
3.142407 
3.142422 
3.142610 
3.142694 
3.142606 
3.142621 
3.142601 
3.142616 
3.142562 
3.142474 
3.142558 
3.142882 
3.142759 
3.142808 
3.142618 
3.142598 
3.142442 
3.142696 
3.142677 
3.142794 
3.142809 
3.142789 
3.142668 
3.142513 
3.142561 
3.142712 
3.142828 
3.142978 
3.142959 
3.143142 
3.143257 
3.143103 
3.143218 
3.143199 
3.143179 
3.143227 
3.143140 
3.143255 
3.143269 
3.143283 
3.143264 
3.143077 
3.143024 
3.142871 
3.142686 
3.142800 
3.142914 
3.142995 
3.142909 
3.142691 
3.142606 
3.142421 
3.142270 
3.142285 
3.142333 
3.142446 
3.142428 
3.142343 
3.142292 
3.142208 
3.142123 
3.141941 
3.142087 
3.141872 
3.141920 
3.141967 
3.142048 
3.142193 
3.142208 
3.142222 
3.142073 
3.141958 
3.141972 
3.141987 
3.141741 
3.141789 
3.141966 
3.141981 
3.141865 
3.141912 
3.141927 
3.142136 
3.142021 
3.142003 
3.141953 
3.142032 
3.142079 
3.141997 
3.142011 
3.142154 
3.142233 
3.142215 
3.142261 
3.142147 
3.142258 
3.142112 
3.142126 
3.142268 
3.142314 
3.142265 
3.142183 
3.142293 
3.142307 
3.142099 
3.142113 
3.141937 
3.141792 
3.141712 
3.141631 
3.141361 
3.141281 
3.141359 
3.141184 
3.141230 
3.141245 
3.141228 
3.141275 
3.141258 
3.141053 
3.140973 
3.141114 
3.141191 
3.141143 
3.141158 
3.141048 
3.141219 
3.141202 
3.141279 
3.141294 
3.141121 
3.141136 
3.141337 
3.141197 
3.141304 
3.141319 
3.141333 
3.141317 
3.141362 
3.141531 
3.141515 
3.141776 
3.141698 
3.141619 
3.141602 
3.141555 
3.141385 
3.141399 
3.141475 
3.141612 
3.141687 
3.141640 
3.141593 
3.141790 
3.141896 
3.141879 
3.141985 
3.141693 
3.141890 
3.141904 
3.142009 
3.141901 
3.141854 
3.142141 
3.142185 
3.142077 
3.142152 
3.142074 
3.142300 
3.142464 
3.142719 
3.142762 
3.142836 
3.142728 
3.142530 
3.142393 
3.142346 
3.142389 
3.142432 
3.142296 
3.142159 
3.142202 
3.142305 
3.142109 
3.142332 
3.142494 
3.142358 
3.142222 
3.142355 
3.142308 
3.142321 
3.142305 
3.142199 
3.142123 
3.142196 
3.142179 
3.142104 
3.142206 
3.142249 
3.142321 
3.142186 
3.142347 
3.142478 
3.142137 
3.142327 
3.142311 
3.142353 
3.142513 
3.142291 
3.142098 
3.142023 
3.142095 
3.142050 
3.141917 
3.141959 
3.141797 
3.141752 
3.141911 
3.141924 
3.141996 
3.142009 
3.141876 
3.141977 
3.141990 
3.141974 
3.142103 
3.141739 
3.141839 
3.142113 
3.142039 
3.141965 
3.141892 
3.141876 
3.141716 
3.141585 
3.141569 
3.141612 
3.141711 
3.141437 
3.141335 
3.141349 
3.141391 
3.141375 
3.141417 
3.141345 
3.141358 
3.141514 
3.141470 
3.141427 
3.141468 
3.141538 
3.141523 
3.141422 
3.141095 
3.140824 
3.140866 
3.140794 
3.141091 
3.141020 
3.141146 
3.141245 
3.141060 
3.141243 
3.141369 
3.141326 
3.141283 
3.141155 
3.141084 
3.141238 
3.141138 
3.141180 
3.141277 
3.141346 
3.141359 
3.141457 
3.141274 
3.141538 
3.141468 
3.141285 
3.141382 
3.141367 
3.141436 
3.141448 
3.141378 
3.141168 
3.141265 
3.141389 
3.141374 
3.141331 
3.141344 
3.141247 
3.141232 
3.141217 
3.141175 
3.141188 
3.141284 
3.141324 
3.141309 
3.141185 
3.141060 
3.140935 
3.141003 
3.141181 
3.141084 
3.140878 
3.140891 
3.141068 
3.141218 
3.141094 
3.140916 
3.140984 
3.140997 
3.140819 
3.140804 
3.140763 
3.140749 
3.140707 
3.140612 
3.140842 
3.140828 
3.140868 
3.140827 
3.140759 
3.140880 
3.140677 
3.140609 
3.140649 
3.140743 
3.140810 
3.140607 
3.140566 
3.140391 
3.140538 
3.140605 
3.140565 
3.140739 
3.140779 
3.140845 
3.140697 
3.140790 
3.140857 
3.140896 
3.140642 
3.140708 
3.140614 
3.140360 
3.140400 
3.140333 
3.140293 
3.140306 
3.140346 
3.140412 
3.140531 
3.140703 
3.140663 
3.140702 
3.140821 
3.140781 
3.140714 
3.140701 
3.140766 
3.140779 
3.140792 
3.140725 
3.140764 
3.140698 
3.140579 
3.140487 
3.140394 
3.140250 
3.140210 
3.140092 
3.139895 
3.139908 
3.139895 
3.140065 
3.140052 
3.139961 
3.140104 
3.140144 
3.140130 
3.140221 
3.140182 
3.140221 
3.140364 
3.140403 
3.140286 
3.140273 
3.140208 
3.140298 
3.140415 
3.140375 
3.140440 
3.140401 
3.140336 
3.140349 
3.140310 
3.140348 
3.140387 
3.140425 
3.140335 
3.140502 
3.140514 
3.140450 
3.140308 
3.140372 
3.140462 
3.140269 
3.140359 
3.140422 
3.140409 
3.140396 
3.140434 
3.140447 
3.140510 
3.140574 
3.140561 
3.140675 
3.140560 
3.140623 
3.140686 
3.140724 
3.140584 
3.140774 
3.141014 
3.140899 
3.140937 
3.141050 
3.140936 
3.141074 
3.140985 
3.140946 
3.140883 
3.140769 
3.140655 
3.140768 
3.140654 
3.140717 
3.140905 
3.140917 
3.141004 
3.140840 
3.140802 
3.140789 
3.140676 
3.140738 
3.140750 
3.140887 
3.140899 
3.141036 
3.141097 
3.141159 
3.141220 
3.141232 
3.141244 
3.141131 
3.141019 
3.140906 
3.140794 
3.140856 
3.140917 
3.140805 
3.140842 
3.140829 
3.140692 
3.140729 
3.140691 
3.140703 
3.140838 
3.140900 
3.140837 
3.140751 
3.140763 
3.140529 
3.140565 
3.140602 
3.140785 
3.140723 
3.140588 
3.140649 
3.140588 
3.140526 
3.140611 
3.140623 
3.140586 
3.140622 
3.140561 
3.140548 
3.140780 
3.140864 
3.140852 
3.140888 
3.141069 
3.140814 
3.140898 
3.140982 
3.141018 
3.140957 
3.140775 
3.140883 
3.140846 
3.140810 
3.140749 
3.140616 
3.140579 
3.140567 
3.140651 
3.140855 
3.141011 
3.141191 
3.141202 
3.141285 
3.141273 
3.141212 
3.141247 
3.141186 
3.141150 
3.141041 
3.141100 
3.141255 
3.141243 
3.141206 
3.141146 
3.141085 
3.141144 
3.141298 
3.141119 
3.141106 
3.141165 
3.141081 
3.140926 
3.140961 
3.141044 
3.141031 
3.141019 
3.141007 
3.140970 
3.140887 
3.140946 
3.140933 
3.140803 
3.140909 
3.141085 
3.141096 
3.141107 
3.141048 
3.141059 
3.141046 
3.141058 
3.141139 
3.141197 
3.141091 
3.141032 
3.140926 
3.140984 
3.141018 
3.140936 
3.140830 
3.140888 
3.140922 
3.140840 
3.140945 
3.140862 
3.140967 
3.141001 
3.141105 
3.140977 
3.141034 
3.141231 
3.141172 
3.141160 
3.141380 
3.141390 
3.141494 
3.141343 
3.141353 
3.141410 
3.141514 
3.141594 
3.141627 
3.141661 
3.141579 
3.141475 
3.141347 
3.141197 
3.141208 
3.141080 
3.140999 
3.140941 
3.140906 
3.141124 
3.141181 
3.141145 
3.141088 
3.141098 
3.141201 
3.141211 
3.141245 
3.141256 
3.141175 
3.141117 
3.141265 
3.141093 
3.141150 
3.141206 
3.141330 
3.141341 
3.141374 
3.141158 
3.141259 
3.141043 
3.141099 
3.141223 
3.141188 
3.141199 
3.141300 
3.141266 
3.141231 
3.141309 
3.141455 
3.141556 
3.141521 
3.141464 
3.141452 
3.141417 
3.141630 
3.141798 
3.141741 
3.141684 
3.141671 
3.141592 
3.141490 
3.141501 
3.141421 
3.141499 
3.141397 
3.141497 
3.141508 
3.141563 
3.141640 
3.141628 
3.141526 
3.141492 
3.141592 
3.141580 
3.141723 
3.141867 
3.141766 
3.141776 
3.141675 
3.141707 
3.141717 
3.141838 
3.141915 
3.142013 
3.142045 
3.142011 
3.142131 
3.142119 
3.142063 
3.142007 
3.141950 
3.142004 
3.141882 
3.141738 
3.141704 
3.141758 
3.141790 
3.141647 
3.141591 
3.141601 
3.141282 
3.141380 
3.141456 
3.141488 
3.141542 
3.141530 
3.141540 
3.141594 
3.141517 
3.141505 
3.141537 
3.141525 
3.141492 
3.141415 
3.141316 
3.141370 
3.141423 
3.141346 
3.141400 
3.141345 
3.141333 
3.141343 
3.141332 
3.141234 
3.141460 
3.141470 
3.141524 
3.141555 
3.141543 
3.141618 
3.141606 
3.141595 
3.141712 
3.141744 
3.141754 
3.141591 
3.141644 
3.141590 
3.141492 
3.141373 
3.141448 
3.141415 
3.141296 
3.141392 
3.141231 
3.141262 
3.141229 
3.141389 
3.141335 
3.141451 
3.141333 
3.141194 
3.141055 
3.141150 
3.141203 
3.141319 
3.141244 
3.141318 
3.141328 
3.141316 
3.141432 
3.141506 
3.141431 
3.141547 
3.141429 
3.141333 
3.141386 
3.141332 
3.141215 
3.141077 
3.140982 
3.140907 
3.141002 
3.140927 
3.140979 
3.140947 
3.140978 
3.140820 
3.140641 
3.140798 
3.140682 
3.140797 
3.140766 
3.140860 
3.140723 
3.140649 
3.140764 
3.140921 
3.140930 
3.140961 
3.140930 
3.140898 
3.140824 
3.140792 
3.140865 
3.140938 
3.140947 
3.141041 
3.140905 
3.140894 
3.140883 
3.140852 
3.140924 
3.141100 
3.141130 
3.141119 
3.141025 
3.140952 
3.141024 
3.141013 
3.141106 
3.141116 
3.141187 
3.141156 
3.141166 
3.141113 
3.141144 
3.141050 
3.141060 
3.140947 
3.141039 
3.141110 
3.141120 
3.141068 
3.141016 
3.140985 
3.141056 
3.141086 
3.141178 
3.141249 
3.141238 
3.141268 
3.141114 
3.141083 
3.140888 
3.140837 
3.140724 
3.140734 
3.140581 
3.140530 
3.140580 
3.140468 
3.140336 
3.140366 
3.140274 
3.140183 
3.140294 
3.140284 
3.140213 
3.140203 
3.140172 
3.140283 
3.140354 
3.140303 
3.140455 
3.140323 
3.140374 
3.140383 
3.140434 
3.140524 
3.140433 
3.140383 
3.140352 
3.140302 
3.140251 
3.140101 
3.139990 
3.140241 
3.140311 
3.140261 
3.140391 
3.140381 
3.140210 
3.140240 
3.140310 
3.140240 
3.140430 
3.140539 
3.140449 
3.140499 
3.140549 
3.140518 
3.140488 
3.140498 
3.140587 
3.140637 
3.140806 
3.140775 
3.140765 
3.140794 
3.140764 
3.140813 
3.140922 
3.140892 
3.140961 
3.140693 
3.140683 
3.140554 
3.140643 
3.140672 
3.140642 
3.140671 
3.140503 
3.140572 
3.140621 
3.140591 
3.140443 
3.140315 
3.140148 
3.140157 
3.140128 
3.140138 
3.140108 
3.140255 
3.140402 
3.140569 
3.140461 
3.140490 
3.140499 
3.140548 
3.140460 
3.140645 
3.140655 
3.140762 
3.140713 
3.140741 
3.140653 
3.140682 
3.140536 
3.140467 
3.140477 
3.140292 
3.140165 
3.140214 
3.140165 
3.140175 
3.140107 
3.140175 
3.140223 
3.140174 
3.140145 
3.140097 
3.140029 
3.140135 
3.140029 
3.140000 
3.140087 
3.140116 
3.140145 
3.140174 
3.140125 
3.140116 
3.140010 
3.139981 
3.139933 
3.139981 
3.139971 
3.139942 
3.139875 
3.139942 
3.140029 
3.140000 
3.139971 
3.140000 
3.140086 
3.140172 
3.140182 
3.140096 
3.139990 
3.139962 
3.140048 
3.140134 
3.140124 
3.140248 
3.140181 
3.140286 
3.140390 
3.140400 
3.140276 
3.140114 
3.140010 
3.139981 
3.139953 
3.140133 
3.140085 
3.140095 
3.140180 
3.140246 
3.140199 
3.140246 
3.140255 
3.140246 
3.140274 
3.140302 
3.140293 
3.140189 
3.140047 
3.140207 
3.140217 
3.140169 
3.140104 
3.140038 
3.140028 
3.139925 
3.139953 
3.140000 
3.139897 
3.139812 
3.139878 
3.139813 
3.139785 
3.139738 
3.139635 
3.139775 
3.139785 
3.139794 
3.139804 
3.139664 
3.139804 
3.139701 
3.139823 
3.139832 
3.139860 
3.139944 
3.139898 
3.139888 
3.139823 
3.139833 
3.139879 
3.139870 
3.139805 
3.139685 
3.139675 
3.139685 
3.139509 
3.139593 
3.139528 
3.139537 
3.139565 
3.139593 
3.139510 
3.139446 
3.139400 
3.139483 
3.139456 
3.139484 
3.139383 
3.139337 
3.139328 
3.139319 
3.139402 
3.139393 
3.139458 
3.139449 
3.139348 
3.139394 
3.139441 
3.139523 
3.139624 
3.139615 
3.139643 
3.139616 
3.139460 
3.139488 
3.139534 
3.139616 
3.139516 
3.139580 
3.139462 
3.139508 
3.139499 
3.139381 
3.139518 
3.139490 
3.139482 
3.139491 
3.139500 
3.139564 
3.139483 
3.139401 
3.139429 
3.139438 
3.139538 
3.139601 
3.139556 
3.139529 
3.139376 
3.139403 
3.139467 
3.139404 
3.139251 
3.139404 
3.139432 
3.139477 
3.139342 
3.139297 
3.139289 
3.139298 
3.139253 
3.139299 
3.139290 
3.139317 
3.139237 
3.139174 
3.139255 
3.139193 
3.139077 
3.139158 
3.139185 
3.139302 
3.139311 
3.139213 
3.139204 
3.139267 
3.139205 
3.139268 
3.139349 
3.139233 
3.139153 
3.139198 
3.139189 
3.139074 
3.139083 
3.139128 
3.139120 
3.139200 
3.139120 
3.139005 
3.139015 
3.138988 
3.138945 
3.139060 
3.139123 
3.139185 
3.139070 
3.139133 
3.139089 
3.139098 
3.139090 
3.139046 
3.139161 
3.139223 
3.139303 
3.139259 
3.139304 
3.139260 
3.139287 
3.139208 
3.139147 
3.139120 
3.139270 
3.139279 
3.139166 
3.139175 
3.139289 
3.139228 
3.139360 
3.139387 
3.139431 
3.139405 
3.139274 
3.139318 
3.139309 
3.139301 
3.139292 
3.139284 
3.139310 
3.139284 
3.139294 
3.139425 
3.139259 
3.139268 
3.139330 
3.139356 
3.139487 
3.139548 
3.139661 
3.139548 
3.139574 
3.139653 
3.139696 
3.139722 
3.139731 
3.139809 
3.139801 
3.139775 
3.139836 
3.139931 
3.140026 
3.140069 
3.140026 
3.139983 
3.139974 
3.140069 
3.140060 
3.139966 
3.140009 
3.139966 
3.139802 
3.139897 
3.139905 
3.139931 
3.139974 
3.139983 
3.140026 
3.140000 
3.140077 
3.140051 
3.140180 
3.140189 
3.140214 
3.140188 
3.140334 
3.140411 
3.140470 
3.140410 
3.140555 
3.140598 
3.140640 
3.140563 
3.140554 
3.140597 
3.140588 
3.140562 
3.140502 
3.140562 
3.140570 
3.140442 
3.140450 
3.140408 
3.140433 
3.140340 
3.140314 
3.140475 
3.140534 
3.140458 
3.140466 
3.140508 
3.140601 
3.140474 
3.140431 
3.140372 
3.140397 
3.140456 
3.140566 
3.140489 
3.140481 
3.140540 
3.140531 
3.140489 
3.140396 
3.140286 
3.140328 
3.140269 
3.140261 
3.140437 
3.140479 
3.140420 
3.140478 
3.140621 
3.140545 
3.140620 
3.140595 
3.140519 
3.140594 
3.140686 
3.140527 
3.140552 
3.140577 
3.140618 
3.140693 
3.140618 
3.140426 
3.140434 
3.140525 
3.140483 
3.140525 
3.140566 
3.140491 
3.140449 
3.140308 
3.140316 
3.140324 
3.140432 
3.140423 
3.140448 
3.140406 
3.140348 
3.140373 
3.140298 
3.140273 
3.140364 
3.140422 
3.140463 
3.140356 
3.140347 
3.140372 
3.140396 
3.140404 
3.140347 
3.140371 
3.140363 
3.140470 
3.140478 
3.140618 
3.140675 
3.140732 
3.140740 
3.140748 
3.140756 
3.140830 
3.140870 
3.140829 
3.140853 
3.140779 
3.140770 
3.140729 
3.140737 
3.140663 
3.140720 
3.140793 
3.140834 
3.140793 
3.140866 
3.140939 
3.140914 
3.140889 
3.140848 
3.140742 
3.140782 
3.140709 
3.140798 
3.140904 
3.140944 
3.140968 
3.140976 
3.140918 
3.140975 
3.140999 
3.141006 
3.141014 
3.140925 
3.140916 
3.140827 
3.140948 
3.141053 
3.140996 
3.140890 
3.140882 
3.140970 
3.140994 
3.141018 
3.140993 
3.140952 
3.140912 
3.140855 
3.140782 
3.140645 
3.140652 
3.140628 
3.140636 
3.140611 
3.140555 
3.140482 
3.140426 
3.140482 
3.140442 
3.140305 
3.140377 
3.140465 
3.140585 
3.140417 
3.140441 
3.140528 
3.140472 
3.140432 
3.140360 
3.140304 
3.140280 
3.140272 
3.140232 
3.140208 
3.140199 
3.140287 
3.140407 
3.140239 
3.140263 
3.140175 
3.140294 
3.140255 
3.140278 
3.140238 
3.140230 
3.140286 
3.140373 
3.140381 
3.140309 
3.140317 
3.140436 
3.140571 
3.140531 
3.140507 
3.140499 
3.140475 
3.140372 
3.140300 
3.140229 
3.140253 
3.140150 
3.140142 
3.140024 
3.140063 
3.140055 
3.139968 
3.139929 
3.139953 
3.139850 
3.139827 
3.139772 
3.139717 
3.139709 
3.139686 
3.139678 
3.139733 
3.139647 
3.139749 
3.139804 
3.139890 
3.139898 
3.139890 
3.139820 
3.139859 
3.139883 
3.139828 
3.139961 
3.139937 
3.139992 
3.140047 
3.140086 
3.140047 
3.140055 
3.140078 
3.140179 
3.140187 
3.140210 
3.140109 
3.140070 
3.140187 
3.140225 
3.140249 
3.140210 
3.140202 
3.140225 
3.140186 
3.140085 
3.140140 
3.140101 
3.140108 
3.140116 
3.140139 
3.140132 
3.140170 
3.140162 
3.140108 
3.140023 
3.140077 
3.140147 
3.140231 
3.140224 
3.140278 
3.140239 
3.140231 
3.140270 
3.140308 
3.140392 
3.140523 
3.140531 
3.140646 
3.140638 
3.140676 
3.140637 
3.140522 
3.140422 
3.140506 
3.140498 
3.140429 
3.140345 
3.140398 
3.140452 
3.140413 
3.140329 
3.140459 
3.140527 
3.140519 
3.140496 
3.140382 
3.140389 
3.140503 
3.140511 
3.140564 
3.140617 
3.140609 
3.140601 
3.140563 
3.140571 
3.140608 
3.140570 
3.140562 
3.140722 
3.140820 
3.140843 
3.140926 
3.141009 
3.141046 
3.141053 
3.141167 
3.141037 
3.140969 
3.140976 
3.140968 
3.140991 
3.141073 
3.141035 
3.140982 
3.141004 
3.141042 
3.141124 
3.141131 
3.141108 
3.141100 
3.141183 
3.141205 
3.141212 
3.141279 
3.141271 
3.141218 
3.141225 
3.141217 
3.141269 
3.141321 
3.141223 
3.141230 
3.141237 
3.141229 
3.141117 
3.141124 
3.141116 
3.141153 
3.141100 
3.141122 
3.141144 
3.141106 
3.141068 
3.140971 
3.140933 
3.140836 
3.140783 
3.140701 
3.140678 
3.140730 
3.140663 
3.140774 
3.140856 
3.140878 
3.140945 
3.141041 
3.141048 
3.141114 
3.141032 
3.140980 
3.141032 
3.141068 
3.140971 
3.140993 
3.140971 
3.140978 
3.141000 
3.140992 
3.141043 
3.141006 
3.140865 
3.140828 
3.140864 
3.140871 
3.140893 
3.140930 
3.140922 
3.140973 
3.141069 
3.141135 
3.141186 
3.141149 
3.141097 
3.141148 
3.141155 
3.141221 
3.141066 
3.141102 
3.141153 
3.141087 
3.141064 
3.141115 
3.141151 
3.141276 
3.141283 
3.141333 
3.141194 
3.141113 
3.141222 
3.141127 
3.141221 
3.141272 
3.141264 
3.141256 
3.141278 
3.141328 
3.141262 
3.141138 
3.141086 
3.141137 
3.141202 
3.141165 
3.141187 
3.141121 
3.141099 
3.140989 
3.140851 
3.140741 
3.140806 
3.140784 
3.140719 
3.140711 
3.140588 
3.140479 
3.140471 
3.140449 
3.140514 
3.140449 
3.140471 
3.140507 
3.140427 
3.140434 
3.140470 
3.140434 
3.140469 
3.140549 
3.140613 
3.140678 
3.140714 
3.140649 
3.140598 
3.140432 
3.140454 
3.140475 
3.140453 
3.140403 
3.140410 
3.140446 
3.140481 
3.140503 
3.140639 
3.140589 
3.140538 
3.140445 
3.140437 
3.140545 
3.140580 
3.140544 
3.140523 
3.140501 
3.140537 
3.140443 
3.140493 
3.140429 
3.140464 
3.140514 
3.140521 
3.140585 
3.140592 
3.140713 
3.140677 
3.140699 
3.140549 
3.140470 
3.140449 
3.140313 
3.140320 
3.140398 
3.140363 
3.140299 
3.140419 
3.140440 
3.140476 
3.140397 
3.140319 
3.140270 
3.140248 
3.140071 
3.140149 
3.140170 
3.140163 
3.140241 
3.140262 
3.140127 
3.140120 
3.140141 
3.140148 
3.140212 
3.140247 
3.140325 
3.140332 
3.140324 
3.140345 
3.140338 
3.140303 
3.140225 
3.140232 
3.140281 
3.140345 
3.140295 
3.140302 
3.140464 
3.140471 
3.140562 
3.140428 
3.140477 
3.140428 
3.140393 
3.140259 
3.140280 
3.140245 
3.140350 
3.140315 
3.140266 
3.140217 
3.140308 
3.140259 
3.140224 
3.140217 
3.140265 
3.140258 
3.140265 
3.140342 
3.140446 
3.140509 
3.140544 
3.140578 
3.140515 
3.140466 
3.140515 
3.140563 
3.140584 
3.140688 
3.140612 
3.140604 
3.140667 
3.140659 
3.140625 
3.140742 
3.140791 
3.140853 
3.140818 
3.140797 
3.140776 
3.140865 
3.140872 
3.140892 
3.140913 
3.140878 
3.140954 
3.140960 
3.140912 
3.140835 
3.140801 
3.140862 
3.140924 
3.140807 
3.140799 
3.140916 
3.140868 
3.140861 
3.140853 
3.140846 
3.140867 
3.140983 
3.141003 
3.141010 
3.141003 
3.140941 
3.140920 
3.140995 
3.141001 
3.140980 
3.140891 
3.140829 
3.140822 
3.140883 
3.140876 
3.140869 
3.140862 
3.140923 
3.140930 
3.140977 
3.141011 
3.141058 
3.140983 
3.140894 
3.140914 
3.140866 
3.140913 
3.140974 
3.140967 
3.141028 
3.141062 
3.141123 
3.141143 
3.141176 
3.141169 
3.141148 
3.141277 
3.141161 
3.141127 
3.141079 
3.141180 
3.141160 
3.141220 
3.141200 
3.141206 
3.141145 
3.141192 
3.141212 
3.141204 
3.141075 
3.140987 
3.140967 
3.141014 
3.140979 
3.141013 
3.141046 
3.141107 
3.141099 
3.141052 
3.141058 
3.141092 
3.141152 
3.141077 
3.141016 
3.140983 
3.140854 
3.140874 
3.140867 
3.140874 
3.140907 
3.140981 
3.140973 
3.141020 
3.141067 
3.141113 
3.141093 
3.141126 
3.141052 
3.141125 
3.141118 
3.141111 
3.141144 
3.141137 
3.141050 
3.141110 
3.141129 
3.141122 
3.141129 
3.141175 
3.141088 
3.141041 
3.140967 
3.140907 
3.140953 
3.140933 
3.140833 
3.140839 
3.140845 
3.140905 
3.140791 
3.140798 
3.140738 
3.140757 
3.140711 
3.140797 
3.140763 
3.140863 
3.140869 
3.140915 
3.140776 
3.140769 
3.140749 
3.140834 
3.140867 
3.140781 
3.140748 
3.140688 
3.140641 
3.140727 
3.140786 
3.140793 
3.140865 
3.140805 
3.140864 
3.140963 
3.140890 
3.140844 
3.140797 
3.140791 
3.140757 
3.140711 
3.140744 
3.140737 
3.140769 
3.140736 
3.140677 
3.140710 
3.140729 
3.140722 
3.140755 
3.140748 
3.140728 
3.140761 
3.140662 
3.140616 
3.140583 
3.140589 
3.140596 
3.140589 
3.140517 
3.140471 
3.140386 
3.140418 
3.140385 
3.140379 
3.140255 
3.140248 
3.140215 
3.140209 
3.140163 
3.140130 
3.140137 
3.140182 
3.140241 
3.140326 
3.140332 
3.140299 
3.140345 
3.140273 
3.140266 
3.140325 
3.140357 
3.140312 
3.140227 
3.140247 
3.140279 
3.140311 
3.140331 
3.140246 
3.140279 
3.140272 
3.140343 
3.140311 
3.140278 
3.140155 
3.140149 
3.140103 
3.140174 
3.140207 
3.140174 
3.140168 
3.140161 
3.140129 
3.140123 
3.140116 
3.140084 
3.140052 
3.140084 
3.140116 
3.140122 
3.140077 
3.140084 
3.140090 
3.140045 
3.140013 
3.140058 
3.140026 
3.140071 
3.140064 
3.140096 
3.140103 
3.140045 
3.140026 
3.139981 
3.139974 
3.140070 
3.140026 
3.140058 
3.140115 
3.140045 
3.139923 
3.139904 
3.139872 
3.139968 
3.140013 
3.140006 
3.139974 
3.140070 
3.140153 
3.140045 
3.140064 
3.140045 
3.140140 
3.140070 
3.140025 
3.140057 
3.140013 
3.140045 
3.140038 
3.140057 
3.140064 
3.140108 
3.140076 
3.139968 
3.139911 
3.139905 
3.139860 
3.139842 
3.139823 
3.139829 
3.139810 
3.139842 
3.139759 
3.139791 
3.139760 
3.139665 
3.139608 
3.139589 
3.139520 
3.139552 
3.139596 
3.139628 
3.139672 
3.139628 
3.139647 
3.139666 
3.139710 
3.139666 
3.139584 
3.139540 
3.139522 
3.139503 
3.139497 
3.139541 
3.139547 
3.139516 
3.139535 
3.139542 
3.139510 
3.139467 
3.139523 
3.139605 
3.139624 
3.139643 
3.139637 
3.139643 
3.139687 
3.139668 
3.139737 
3.139706 
3.139762 
3.139719 
3.139725 
3.139681 
3.139688 
3.139719 
3.139775 
3.139757 
3.139750 
3.139719 
3.139676 
3.139582 
3.139526 
3.139570 
3.139601 
3.139595 
3.139627 
3.139546 
3.139602 
3.139633 
3.139702 
3.139696 
3.139640 
3.139658 
3.139652 
3.139584 
3.139591 
3.139522 
3.139529 
3.139535 
3.139430 
3.139486 
3.139529 
3.139536 
3.139554 
3.139536 
3.139579 
3.139623 
3.139617 
3.139623 
3.139666 
3.139648 
3.139704 
3.139722 
3.139667 
3.139661 
3.139679 
3.139723 
3.139741 
3.139723 
3.139704 
3.139686 
3.139668 
3.139711 
3.139729 
3.139773 
3.139766 
3.139736 
3.139742 
3.139797 
3.139754 
3.139687 
3.139607 
3.139663 
3.139644 
3.139626 
3.139571 
3.139577 
3.139596 
3.139602 
3.139670 
3.139566 
3.139609 
3.139554 
3.139548 
3.139505 
3.139511 
3.139371 
3.139377 
3.139249 
3.139329 
3.139372 
3.139402 
3.139360 
3.139464 
3.139433 
3.139452 
3.139361 
3.139233 
3.139191 
3.139148 
3.139106 
3.139088 
3.139058 
3.139077 
3.139095 
3.139101 
3.139059 
3.139138 
3.139048 
3.139054 
3.139012 
3.139055 
3.139073 
3.139140 
3.139195 
3.139177 
3.139098 
3.139020 
3.139087 
3.139069 
3.139087 
3.139045 
3.138955 
3.138913 
3.138919 
3.138877 
3.138848 
3.138806 
3.138752 
3.138770 
3.138777 
3.138795 
3.138850 
3.138856 
3.138850 
3.138881 
3.138911 
3.138894 
3.138864 
3.138954 
3.138973 
3.138931 
3.138937 
3.138848 
3.138866 
3.138884 
3.138903 
3.138933 
3.139011 
3.138933 
3.138928 
3.138994 
3.138976 
3.138983 
3.138989 
3.138983 
3.139001 
3.139079 
3.139098 
3.139152 
3.139134 
3.139116 
3.139170 
3.139189 
3.139183 
3.139213 
3.139255 
3.139285 
3.139303 
3.139250 
3.139280 
3.139286 
3.139209 
3.139250 
3.139399 
3.139453 
3.139483 
3.139394 
3.139376 
3.139382 
3.139317 
3.139288 
3.139377 
3.139371 
3.139425 
3.139407 
3.139378 
3.139396 
3.139437 
3.139455 
3.139497 
3.139467 
3.139426 
3.139432 
3.139438 
3.139421 
3.139391 
3.139445 
3.139415 
3.139445 
3.139498 
3.139457 
3.139416 
3.139399 
3.139393 
3.139411 
3.139381 
3.139411 
3.139429 
3.139376 
3.139359 
3.139400 
3.139441 
3.139424 
3.139359 
3.139424 
3.139465 
3.139472 
3.139419 
3.139366 
3.139454 
3.139507 
3.139525 
3.139555 
3.139549 
3.139578 
3.139584 
3.139532 
3.139584 
3.139520 
3.139538 
3.139567 
3.139678 
3.139626 
3.139655 
3.139708 
3.139679 
3.139650 
3.139644 
3.139662 
3.139679 
3.139650 
3.139656 
3.139720 
3.139715 
3.139569 
3.139575 
3.139534 
3.139540 
3.139581 
3.139506 
3.139442 
3.139413 
3.139419 
3.139448 
3.139454 
3.139448 
3.139396 
3.139414 
3.139420 
3.139391 
3.139374 
3.139391 
3.139479 
3.139485 
3.139502 
3.139485 
3.139491 
3.139474 
3.139479 
3.139393 
3.139353 
3.139266 
3.139272 
3.139255 
3.139192 
3.139198 
3.139238 
3.139198 
3.139227 
3.139176 
3.139216 
3.139188 
3.139182 
3.139119 
3.139044 
3.139119 
3.139148 
3.139143 
3.139160 
3.139189 
3.139172 
3.139144 
3.139253 
3.139259 
3.139219 
3.139283 
3.139277 
3.139340 
3.139438 
3.139421 
3.139370 
3.139376 
3.139393 
3.139422 
3.139428 
3.139376 
3.139428 
3.139342 
3.139371 
3.139308 
3.139314 
3.139274 
3.139280 
3.139195 
3.139212 
3.139195 
3.139156 
3.139173 
3.139179 
3.139139 
3.139111 
3.139128 
3.139146 
3.139163 
3.139158 
3.139175 
3.139238 
3.139255 
3.139204 
3.139244 
3.139239 
3.139279 
3.139273 
3.139347 
3.139319 
3.139359 
3.139387 
3.139461 
3.139524 
3.139473 
3.139501 
3.139485 
3.139479 
3.139485 
3.139502 
3.139485 
3.139434 
3.139418 
3.139401 
3.139429 
3.139559 
3.139644 
3.139616 
3.139644 
3.139582 
3.139633 
3.139583 
3.139611 
3.139572 
3.139532 
3.139515 
3.139533 
3.139516 
3.139522 
3.139505 
3.139454 
3.139460 
3.139432 
3.139415 
3.139477 
3.139584 
3.139624 
3.139641 
3.139613 
3.139607 
3.139613 
3.139619 
3.139647 
3.139619 
3.139658 
3.139675 
3.139625 
3.139720 
3.139748 
3.139698 
3.139759 
3.139698 
3.139659 
3.139620 
3.139559 
3.139497 
3.139447 
3.139442 
3.139380 
3.139464 
3.139448 
3.139409 
3.139415 
3.139398 
3.139359 
3.139343 
3.139348 
3.139343 
3.139293 
3.139321 
3.139382 
3.139388 
3.139260 
3.139166 
3.139105 
3.139133 
3.139139 
3.139178 
3.139228 
3.139256 
3.139295 
3.139290 
3.139329 
3.139368 
3.139352 
3.139435 
3.139363 
3.139402 
3.139452 
3.139480 
3.139508 
3.139447 
3.139430 
3.139458 
3.139475 
3.139514 
3.139519 
3.139481 
3.139376 
3.139382 
3.139299 
3.139349 
3.139311 
3.139361 
3.139278 
3.139174 
3.139179 
3.139174 
3.139180 
3.139229 
3.139235 
3.139208 
3.139214 
3.139252 
3.139225 
3.139198 
3.139280 
3.139319 
3.139292 
3.139308 
3.139325 
3.139342 
3.139402 
3.139309 
3.139370 
3.139342 
3.139304 
3.139299 
3.139392 
3.139398 
3.139404 
3.139333 
3.139305 
3.139322 
3.139317 
3.139377 
3.139383 
3.139345 
3.139274 
3.139279 
3.139318 
3.139345 
3.139351 
3.139269 
3.139253 
3.139226 
3.139221 
3.139205 
3.139178 
3.139107 
3.139156 
3.139108 
3.139048 
3.139065 
3.139081 
3.139087 
3.139082 
3.139077 
3.139061 
3.139077 
3.139104 
3.139110 
3.139072 
3.139089 
3.139105 
3.139046 
3.138987 
3.139014 
3.138998 
3.138939 
3.138977 
3.138983 
3.139032 
3.138972 
3.139021 
3.139059 
3.139022 
3.138984 
3.138979 
3.139039 
3.139077 
3.139126 
3.139131 
3.139094 
3.139067 
3.139116 
3.139111 
3.139095 
3.139122 
3.139117 
3.139176 
3.139236 
3.139284 
3.139354 
3.139285 
3.139312 
3.139307 
3.139301 
3.139264 
3.139302 
3.139264 
3.139313 
3.139297 
3.139367 
3.139362 
3.139357 
3.139394 
3.139486 
3.139502 
3.139539 
3.139491 
3.139518 
3.139534 
3.139508 
3.139492 
3.139497 
3.139492 
3.139487 
3.139482 
3.139444 
3.139535 
3.139530 
3.139568 
3.139626 
3.139664 
3.139616 
3.139589 
3.139552 
3.139547 
3.139531 
3.139494 
3.139489 
3.139398 
3.139372 
3.139431 
3.139383 
3.139420 
3.139383 
3.139399 
3.139416 
3.139378 
3.139320 
3.139400 
3.139406 
3.139369 
3.139395 
3.139422 
3.139417 
3.139412 
3.139417 
3.139444 
3.139492 
3.139455 
3.139418 
3.139381 
3.139333 
3.139307 
3.139323 
3.139318 
3.139302 
3.139244 
3.139155 
3.139129 
3.139134 
3.139108 
3.139135 
3.139172 
3.139198 
3.139225 
3.139294 
3.139215 
3.139241 
3.139194 
3.139242 
3.139216 
3.139221 
3.139216 
3.139137 
3.139195 
3.139180 
3.139175 
3.139180 
3.139102 
3.139065 
3.139134 
3.139129 
3.139218 
3.139318 
3.139313 
3.139360 
3.139397 
3.139287 
3.139324 
3.139340 
3.139356 
3.139351 
3.139325 
3.139309 
3.139377 
3.139362 
3.139420 
3.139446 
3.139556 
3.139572 
3.139629 
3.139593 
3.139608 
3.139645 
3.139650 
3.139645 
3.139609 
3.139614 
3.139609 
3.139573 
3.139641 
3.139562 
3.139557 
3.139521 
3.139433 
3.139501 
3.139475 
3.139449 
3.139413 
3.139335 
3.139288 
3.139335 
3.139299 
3.139273 
3.139289 
3.139315 
3.139341 
3.139419 
3.139404 
3.139409 
3.139321 
3.139337 
3.139321 
3.139306 
3.139270 
3.139193 
3.139146 
3.139110 
3.139105 
3.139069 
3.139095 
3.139132 
3.139137 
3.139215 
3.139293 
3.139308 
3.139324 
3.139288 
3.139324 
3.139381 
3.139386 
3.139299 
3.139304 
3.139299 
3.139315 
3.139341 
3.139367 
3.139372 
3.139408 
3.139465 
3.139501 
3.139568 
3.139625 
3.139589 
3.139625 
3.139599 
3.139543 
3.139600 
3.139574 
3.139559 
3.139543 
3.139549 
3.139544 
3.139549 
3.139554 
3.139570 
3.139565 
3.139611 
3.139657 
3.139652 
3.139627 
3.139632 
3.139627 
3.139652 
3.139688 
3.139673 
3.139637 
3.139602 
3.139576 
3.139592 
3.139597 
3.139622 
3.139658 
3.139684 
3.139689 
3.139684 
3.139750 
3.139776 
3.139771 
3.139786 
3.139730 
3.139766 
3.139791 
3.139797 
3.139893 
3.139847 
3.139883 
3.139858 
3.139843 
3.139909 
3.139883 
3.139858 
3.139873 
3.139939 
3.140005 
3.140010 
3.140015 
3.140000 
3.140015 
3.140010 
3.139965 
3.139929 
3.139934 
3.139889 
3.139843 
3.139838 
3.139803 
3.139727 
3.139762 
3.139808 
3.139793 
3.139838 
3.139843 
3.139849 
3.139894 
3.139919 
3.139945 
3.139929 
3.139924 
3.139940 
3.139995 
3.139980 
3.139955 
3.140000 
3.139864 
3.139839 
3.139874 
3.139879 
3.139834 
3.139859 
3.139854 
3.139889 
3.139884 
3.139869 
3.139854 
3.139900 
3.139955 
3.139930 
3.139935 
3.139880 
3.139835 
3.139880 
3.139805 
3.139790 
3.139755 
3.139740 
3.139725 
3.139680 
3.139675 
3.139730 
3.139705 
3.139690 
3.139705 
3.139690 
3.139655 
3.139620 
3.139695 
3.139780 
3.139795 
3.139800 
3.139855 
3.139810 
3.139835 
3.139840 
3.139846 
3.139841 
3.139866 
3.139880 
3.139826 
3.139831 
3.139856 
3.139881 
3.139905 
3.139920 
3.139856 
3.139891 
3.139826 
3.139861 
3.139876 
3.139891 
3.139876 
3.139821 
3.139836 
3.139802 
3.139836 
3.139851 
3.139906 
3.139931 
3.139906 
3.139901 
3.139896 
3.139881 
3.139876 
3.139951 
3.139866 
3.139822 
3.139896 
3.139862 
3.139857 
3.139872 
3.139847 
3.139911 
3.139926 
3.139961 
3.139995 
3.139911 
3.139926 
3.139970 
3.140015 
3.139990 
3.140044 
3.140138 
3.140143 
3.140030 
3.140103 
3.140138 
3.140123 
3.140177 
3.140084 
3.140059 
3.140015 
3.140069 
3.140103 
3.140079 
3.140133 
3.140098 
3.140093 
3.140059 
3.140074 
3.140059 
3.140054 
3.140000 
3.140034 
3.140029 
3.139985 
3.139980 
3.139936 
3.139931 
3.139897 
3.139883 
3.139829 
3.139873 
3.139936 
3.139932 
3.139868 
3.139893 
3.139849 
3.139863 
3.139858 
3.139824 
3.139849 
3.139805 
3.139781 
3.139766 
3.139761 
3.139747 
3.139859 
3.139834 
3.139830 
3.139786 
3.139791 
3.139844 
3.139917 
3.139835 
3.139810 
3.139806 
3.139752 
3.139767 
3.139772 
3.139796 
3.139811 
3.139825 
3.139898 
3.139874 
3.139840 
3.139825 
3.139821 
3.139787 
3.139743 
3.139767 
3.139782 
3.139787 
3.139772 
3.139642 
3.139627 
3.139603 
3.139608 
3.139652 
3.139647 
3.139594 
3.139657 
3.139691 
3.139647 
3.139614 
3.139551 
3.139537 
3.139580 
3.139595 
3.139590 
3.139566 
3.139610 
3.139634 
3.139648 
3.139682 
3.139610 
3.139519 
3.139562 
3.139586 
3.139572 
3.139586 
3.139630 
3.139635 
3.139630 
3.139654 
3.139620 
3.139664 
3.139630 
3.139731 
3.139746 
3.139798 
3.139755 
3.139741 
3.139736 
3.139770 
3.139871 
3.139923 
3.139976 
3.139885 
3.139938 
3.139933 
3.139966 
3.140010 
3.140062 
3.140048 
3.140005 
3.139962 
3.139976 
3.139981 
3.139986 
3.139943 
3.139976 
3.139933 
3.139881 
3.139847 
3.139814 
3.139800 
3.139785 
3.139762 
3.139766 
3.139790 
3.139776 
3.139771 
3.139795 
3.139800 
3.139843 
3.139857 
3.139824 
3.139791 
3.139796 
3.139781 
3.139796 
3.139753 
3.139691 
3.139715 
3.139767 
3.139725 
3.139730 
3.139763 
3.139749 
3.139706 
3.139739 
3.139754 
3.139749 
3.139744 
3.139749 
3.139744 
3.139759 
3.139744 
3.139768 
3.139782 
3.139816 
3.139764 
3.139712 
3.139735 
3.139787 
3.139821 
3.139844 
3.139773 
3.139797 
3.139755 
3.139750 
3.139726 
3.139778 
3.139783 
3.139807 
3.139793 
3.139779 
3.139746 
3.139722 
3.139718 
3.139713 
3.139708 
3.139732 
3.139737 
3.139779 
3.139756 
3.139826 
3.139850 
3.139883 
3.139840 
3.139854 
3.139850 
3.139873 
3.139831 
3.139855 
3.139916 
3.139930 
3.139906 
3.139948 
3.139981 
3.139995 
3.140000 
3.140033 
3.140019 
3.140089 
3.140103 
3.140117 
3.140009 
3.140014 
3.140028 
3.140023 
3.140009 
3.139967 
3.139907 
3.139874 
3.139916 
3.139911 
3.139907 
3.139902 
3.139879 
3.139855 
3.139879 
3.139911 
3.139888 
3.139800 
3.139758 
3.139800 
3.139823 
3.139744 
3.139814 
3.139809 
3.139851 
3.139856 
3.139879 
3.139902 
3.139898 
3.139930 
3.139879 
3.139912 
3.139861 
3.139800 
3.139842 
3.139847 
3.139787 
3.139801 
3.139842 
3.139819 
3.139796 
3.139773 
3.139750 
3.139782 
3.139815 
3.139884 
3.139870 
3.139820 
3.139815 
3.139857 
3.139815 
3.139755 
3.139677 
3.139700 
3.139677 
3.139681 
3.139686 
3.139654 
3.139603 
3.139608 
3.139677 
3.139654 
3.139631 
3.139627 
3.139622 
3.139627 
3.139650 
3.139701 
3.139761 
3.139747 
3.139761 
3.139738 
3.139779 
3.139811 
3.139825 
3.139756 
3.139798 
3.139848 
3.139844 
3.139894 
3.139890 
3.139867 
3.139899 
3.139904 
3.139853 
3.139867 
3.139881 
3.139904 
3.139982 
3.139931 
3.139936 
3.139913 
3.139890 
3.139913 
3.139918 
3.139959 
3.140018 
3.139968 
3.139927 
3.139950 
3.139945 
3.139941 
3.139918 
3.139895 
3.139918 
3.139941 
3.139954 
3.139959 
3.140027 
3.139986 
3.139973 
3.139968 
3.139964 
3.139932 
3.139882 
3.139822 
3.139863 
3.139850 
3.139836 
3.139804 
3.139763 
3.139713 
3.139764 
3.139759 
3.139709 
3.139696 
3.139718 
3.139687 
3.139700 
3.139687 
3.139700 
3.139651 
3.139673 
3.139751 
3.139710 
3.139669 
3.139683 
3.139642 
3.139656 
3.139633 
3.139647 
3.139651 
3.139665 
3.139670 
3.139701 
3.139715 
3.139665 
3.139652 
3.139629 
3.139580 
3.139675 
3.139634 
3.139603 
3.139616 
3.139657 
3.139625 
3.139612 
3.139580 
3.139621 
3.139698 
3.139757 
3.139752 
3.139694 
3.139662 
3.139694 
3.139680 
3.139748 
3.139761 
3.139793 
3.139780 
3.139748 
3.139663 
3.139694 
3.139672 
3.139694 
3.139744 
3.139748 
3.139681 
3.139686 
3.139654 
3.139704 
3.139672 
3.139686 
3.139708 
3.139731 
3.139655 
3.139641 
3.139601 
3.139588 
3.139566 
3.139570 
3.139646 
3.139642 
3.139691 
3.139705 
3.139736 
3.139705 
3.139727 
3.139750 
3.139709 
3.139759 
3.139754 
3.139723 
3.139710 
3.139705 
3.139630 
3.139616 
3.139683 
3.139670 
3.139639 
3.139617 
3.139550 
3.139528 
3.139550 
3.139528 
3.139532 
3.139546 
3.139559 
3.139555 
3.139524 
3.139528 
3.139489 
3.139484 
3.139489 
3.139467 
3.139373 
3.139405 
3.139409 
3.139414 
3.139401 
3.139414 
3.139436 
3.139414 
3.139339 
3.139353 
3.139366 
3.139326 
3.139402 
3.139468 
3.139491 
3.139451 
3.139447 
3.139486 
3.139518 
3.139487 
3.139465 
3.139452 
3.139421 
3.139425 
3.139421 
3.139417 
3.139483 
3.139479 
3.139519 
3.139444 
3.139404 
3.139373 
3.139316 
3.139294 
3.139378 
3.139356 
3.139414 
3.139409 
3.139414 
3.139410 
3.139405 
3.139445 
3.139459 
3.139463 
3.139468 
3.139454 
3.139433 
3.139428 
3.139433 
3.139420 
3.139380 
3.139394 
3.139433 
3.139403 
3.139390 
3.139368 
3.139372 
3.139403 
3.139381 
3.139368 
3.139364 
3.139325 
3.139338 
3.139351 
3.139321 
3.139273 
3.139234 
3.139221 
3.139103 
3.139142 
3.139112 
3.139090 
3.139112 
3.139117 
3.139121 
3.139108 
3.139200 
3.139179 
3.139183 
3.139223 
3.139227 
3.139206 
3.139219 
3.139206 
3.139184 
3.139163 
3.139150 
3.139180 
3.139194 
3.139190 
3.139203 
3.139181 
3.139238 
3.139190 
3.139177 
3.139173 
3.139178 
3.139130 
3.139152 
3.139113 
3.139057 
3.139061 
3.138935 
3.138975 
3.138927 
3.138880 
3.138902 
3.138958 
3.138998 
3.139002 
3.138998 
3.138985 
3.138990 
3.138994 
3.138982 
3.139012 
3.139060 
3.139056 
3.139095 
3.139082 
3.139035 
3.139074 
3.139027 
3.139005 
3.139010 
3.139006 
3.139019 
3.139023 
3.139002 
3.138989 
3.138951 
3.138998 
3.139037 
3.139059 
3.139098 
3.139085 
3.139055 
3.139034 
3.139056 
3.139052 
3.139073 
3.139138 
3.139194 
3.139182 
3.139186 
3.139156 
3.139126 
3.139174 
3.139178 
3.139157 
3.139127 
3.139140 
3.139084 
3.139055 
3.139042 
3.139003 
3.139034 
3.139064 
3.139034 
3.139039 
3.139035 
3.139013 
3.139086 
3.139091 
3.139078 
3.139100 
3.139087 
3.139100 
3.139070 
3.139126 
3.139174 
3.139195 
3.139217 
3.139196 
3.139106 
3.139119 
3.139140 
3.139145 
3.139132 
3.139137 
3.139107 
3.139137 
3.139142 
3.139172 
3.139142 
3.139129 
3.139117 
3.139130 
3.139100 
3.139062 
3.139066 
3.139071 
3.139067 
3.139054 
3.139007 
3.139055 
3.139016 
3.139004 
3.138974 
3.138979 
3.138966 
3.138979 
3.138933 
3.138903 
3.138916 
3.138895 
3.138900 
3.138828 
3.138824 
3.138811 
3.138917 
3.138913 
3.138926 
3.138948 
3.138961 
3.138914 
3.138927 
3.138898 
3.138843 
3.138831 
3.138827 
3.138814 
3.138827 
3.138848 
3.138828 
3.138807 
3.138811 
3.138858 
3.138845 
3.138867 
3.138837 
3.138867 
3.138889 
3.138893 
3.138889 
3.138927 
3.138906 
3.138953 
3.138966 
3.139013 
3.139051 
3.139047 
3.139043 
3.139022 
3.138942 
3.138963 
3.138942 
3.138905 
3.138833 
3.138821 
3.138809 
3.138796 
3.138851 
3.138856 
3.138801 
3.138831 
3.138827 
3.138815 
3.138861 
3.138832 
3.138828 
3.138832 
3.138870 
3.138892 
3.138871 
3.138917 
3.138913 
3.138893 
3.138897 
3.138893 
3.138856 
3.138877 
3.138890 
3.138902 
3.138924 
3.138903 
3.138849 
3.138828 
3.138824 
3.138837 
3.138883 
3.138770 
3.138733 
3.138779 
3.138725 
3.138696 
3.138659 
3.138713 
3.138743 
3.138823 
3.138835 
3.138815 
3.138786 
3.138798 
3.138820 
3.138849 
3.138803 
3.138825 
3.138846 
3.138883 
3.138863 
3.138892 
3.138880 
3.138926 
3.138964 
3.138935 
3.138931 
3.138952 
3.138981 
3.138969 
3.138998 
3.138986 
3.138965 
3.138945 
3.138991 
3.139003 
3.138999 
3.138946 
3.138925 
3.138988 
3.138992 
3.139029 
3.139009 
3.139005 
3.138926 
3.138939 
3.138943 
3.138940 
3.138944 
3.138981 
3.139052 
3.139015 
3.139003 
3.138982 
3.138962 
3.138966 
3.138987 
3.138983 
3.139029 
3.139017 
3.138963 
3.138959 
3.138873 
3.138827 
3.138865 
3.138844 
3.138882 
3.138870 
3.138890 
3.138845 
3.138800 
3.138755 
3.138776 
3.138747 
3.138752 
3.138657 
3.138686 
3.138674 
3.138629 
3.138634 
3.138523 
3.138503 
3.138540 
3.138553 
3.138565 
3.138561 
3.138549 
3.138595 
3.138583 
3.138595 
3.138559 
3.138604 
3.138617 
3.138580 
3.138576 
3.138507 
3.138569 
3.138565 
3.138578 
3.138549 
3.138586 
3.138558 
3.138554 
3.138624 
3.138669 
3.138723 
3.138744 
3.138781 
3.138785 
3.138814 
3.138802 
3.138806 
3.138794 
3.138815 
3.138836 
3.138840 
3.138820 
3.138816 
3.138788 
3.138841 
3.138788 
3.138825 
3.138748 
3.138744 
3.138740 
3.138769 
3.138814 
3.138843 
3.138839 
3.138778 
3.138790 
3.138713 
3.138750 
3.138698 
3.138743 
3.138771 
3.138784 
3.138739 
3.138662 
3.138634 
3.138598 
3.138602 
3.138631 
3.138676 
3.138648 
3.138701 
3.138697 
3.138669 
3.138657 
3.138686 
3.138714 
3.138686 
3.138699 
3.138687 
3.138667 
3.138695 
3.138683 
3.138639 
3.138652 
3.138615 
3.138620 
3.138640 
3.138636 
3.138673 
3.138669 
3.138666 
3.138702 
3.138715 
3.138719 
3.138699 
3.138728 
3.138716 
3.138720 
3.138724 
3.138737 
3.138757 
3.138745 
3.138693 
3.138657 
3.138653 
3.138641 
3.138597 
3.138553 
3.138582 
3.138610 
3.138639 
3.138627 
3.138583 
3.138547 
3.138551 
3.138548 
3.138584 
3.138621 
3.138641 
3.138685 
3.138682 
3.138686 
3.138674 
3.138678 
3.138691 
3.138695 
3.138691 
3.138696 
3.138700 
3.138648 
3.138652 
3.138689 
3.138653 
3.138673 
3.138557 
3.138561 
3.138566 
3.138538 
3.138534 
3.138547 
3.138567 
3.138523 
3.138503 
3.138516 
3.138544 
3.138508 
3.138433 
3.138429 
3.138377 
3.138374 
3.138402 
3.138382 
3.138339 
3.138327 
3.138275 
3.138240 
3.138260 
3.138265 
3.138197 
3.138217 
3.138254 
3.138282 
3.138198 
3.138147 
3.138088 
3.138108 
3.138033 
3.137989 
3.137978 
3.137934 
3.137947 
3.137983 
3.138011 
3.138063 
3.137988 
3.137977 
3.138045 
3.138057 
3.138045 
3.138034 
3.138022 
3.137963 
3.137991 
3.137964 
3.137960 
3.137917 
3.137858 
3.137918 
3.137962 
3.137998 
3.138018 
3.138007 
3.138051 
3.138031 
3.138075 
3.138088 
3.138100 
3.138120 
3.138132 
3.138129 
3.138117 
3.138106 
3.138094 
3.138098 
3.138126 
3.138099 
3.138175 
3.138163 
3.138120 
3.138093 
3.138097 
3.138117 
3.138122 
3.138118 
3.138130 
3.138119 
3.138123 
3.138104 
3.138116 
3.138152 
3.138140 
3.138129 
3.138157 
3.138193 
3.138189 
3.138185 
3.138229 
3.138233 
3.138245 
3.138313 
3.138301 
3.138266 
3.138255 
3.138298 
3.138310 
3.138338 
3.138311 
3.138284 
3.138312 
3.138332 
3.138336 
3.138309 
3.138321 
3.138349 
3.138345 
3.138334 
3.138338 
3.138279 
3.138284 
3.138288 
3.138253 
3.138242 
3.138230 
3.138211 
3.138192 
3.138196 
3.138200 
3.138181 
3.138185 
3.138135 
3.138131 
3.138159 
3.138156 
3.138121 
3.138117 
3.138106 
3.138102 
3.138052 
3.138103 
3.138115 
3.138135 
3.138092 
3.138097 
3.138078 
3.138051 
3.138047 
3.138012 
3.137978 
3.137974 
3.137986 
3.137952 
3.137979 
3.138030 
3.137988 
3.137969 
3.137981 
